107,52
107,51
107,50
107,49
107,48
107,47
107,46
107,45
107,44
107,43
107,42
107,41
107,40
107,39
107,38
107,37
107,36
107,35
3,2
10,130
10,28
10,94
10,296
10,88
10,158
10,4
10,16
10,2
10,3
100,3
100,2
100,1
100,0
94,5
94,4
94,3
94,2
94,1
94,0
84,4
84,3
9,7
9,2
84,2
9,3
84,1
78,3
78,1
41,5
8,8
8,9
8,6
8,4
8,5
41,3
0,391
41,1
40,4
40,3
40,1
39,4
39,3
39,1
38,4
38,3
38,1
37,3
37,2
37,1
36,5
36,3
36,1
35,4
35,3
35,1
34,4
34,1
33,4
33,3
33,1
32,3
32,1
20,3
20,2
20,1
19,3
19,2
19,1
12,3
12,2
12,1
11,27
11,26
11,25
11,24
11,23
11,22
11,21
11,20
11,19
11,18
11,17
11,16
11,15
11,14
11,13
11,12
11,11
11,10
11,9
11,8
11,7
11,6
11,5
11,4
11,3
11,2
11,1
10,308
10,306
